Npalavras: 4
Palavra: AVEIRO
Nvezes= 42
0 8 5 7 1 1 1 8 1 0 8 3 6 1 1 1 8 5 0 8 5 6 1 1 1 8 8 0 8 2 5 1 1 4 2 2 0 8 5 7 1 1 8 1 1 0 8 3 6 1 1 8 1 5 0 8 5 6 1 1 8 1 8 0 8 5 7 7 8 1 8 1 0 8 3 6 7 8 1 8 5 0 8 5 6 7 8 1 8 8 0 8 2 5 7 8 4 2 2 0 8 5 7 7 8 8 1 1 0 8 3 6 7 8 8 1 5 0 8 5 6 7 8 8 1 8 0 9 5 7 1 8 1 8 1 0 9 3 6 1 8 1 8 5 0 9 5 6 1 8 1 8 8 0 9 2 5 1 8 4 2 2 0 9 5 7 1 8 8 1 1 0 9 3 6 1 8 8 1 5 0 9 5 6 1 8 8 1 8 0 9 5 7 8 1 1 8 1 0 9 3 6 8 1 1 8 5 0 9 5 6 8 1 1 8 8 0 9 2 5 8 1 4 2 2 0 9 5 7 8 1 8 1 1 0 9 3 6 8 1 8 1 5 0 9 5 6 8 1 8 1 8 2 9 6 6 2 8 1 8 1 2 9 4 5 2 8 1 8 5 2 9 6 5 2 8 1 8 8 2 9 3 4 2 8 4 2 2 2 9 6 6 2 8 8 1 1 2 9 4 5 2 8 8 1 5 2 9 6 5 2 8 8 1 8 2 9 5 7 5 1 1 8 1 2 9 3 6 5 1 1 8 5 2 9 5 6 5 1 1 8 8 2 9 2 5 5 1 4 2 2 2 9 5 7 5 1 8 1 1 2 9 3 6 5 1 8 1 5 2 9 5 6 5 1 8 1 8 
Palavra: COIMBRA
Nvezes= 2
0 2 0 8 7 7 7 6 6 6 0 4 0 8 8 7 7 6 6 6 
Palavra: FARO
Nvezes= 2
4 0 6 1 7 7 4 4 0 7 3 7 7 7 
Palavra: PORTO
Nvezes= 2
6 0 7 3 3 3 3 1 6 0 5 4 3 3 3 6 
